Admissions 339,361 375,361 375,341 356,341 356,333 339,333 
ColeChapel 339,391 369,391 369,371 339,371 
Knapton 353,413 353,403 339,403 339,434 355,434 355,426 369,426 369,395 353,395 
MarsArts 391,423 382,428 382,434 419,434 420,434 420,418 398,418 398,414 384,411 384,413 378,413 378,428 382,428 
BalfourHood 374,310 396,321 408,307 383,283 364,302 341,302 341,321 396,321 
DollHouse 342,290 336,297 349,297 349,283 336,283 336,297 
Library 313,266 324,286 324,277 334,277 334,255 291,255 291,277 300,277 300,286 324,286 
Dimple 309,327 291,297 328,297 328,423 291,423 291,297 
Cragin 275,333 270,344 274,344 274,348 277,348 277,344 283,344 283,324 270,324 270,344 
Stanton 267,299 261,312 274,312 274,286 261,286 261,312 
Larcom 275,410 263,419 280,419 280,402 277,402 277,397 274,397 274,402 263,402 263,419 
EmersonDining 269,376 279,397 279,348 260,348 260,371 260,397 279,397 
EmersonHall 242,384 231,402 256,402 256,397 260,397 260,371 238,371 224,371 224,398 231,398 231,402 
EverettHeights 224,371 238,371 238,332 224,332 
EverettHall 231,304 224,332 238,332 238,312 256,312 256,299 224,299 224,299 224,332 
Chapin 240,435 260,435 260,422 240,422 
MaryLyon 353,464 345,471 345,479 361,479 361,471 369,471 369,456 361,456 361,448 345,448 345,456 337,456 337,471 345,471 
Watson 391,469 375,486 400,486 400,481 415,481 415,461 400,461 400,456 375,456 375,486 
Kilham 230,470 223,486 239,486 239,454 223,454 223,486 
Metcalf 271,469 279,485 279,454 263,454 263,485 279,485 
Hebe 251,477 239,485 263,485 263,471 239,471 239,486 
ParkHall 284,460 301,460 301,435 284,435 
ChaseRound 452,420 452,429 453,429 455,429 456,428 457,428 459,426 460,424 461,423 461,421 451,412 449,413 447,414 444,416 443,421 445,426 449,429 452,429 
ChaseSquare 478,403 451,392 451,412 461,421 474,421 474,439 490,439 490,392 451,392 
Clark 480,461 474,479 490,479 490,439 474,439 474,479 
McIntire 504,424 496,443 512,443 512,405 496,405 496,443 
Young 525,457 518,479 534,479 534,438 518,438 518,479 
YMCWalkway 490,448 518,448 518,443 490,443 
ChapelLower 385,357 395,346 393,352 393,359 393,364 396,371 398,377 400,378 383,378 383,337 402,337 394,348 
ChapelUpper 398,396 383,409 420,409 420,402 420,395 417,391 413,388 408,386 405,383 402,381 400,378 383,378 383,409 
PeacockPondUpper 436,377 440,438 432,438 431,398 429,388 426,385 421,382 416,381 411,376 408,371 405,364 404,357 406,347 412,340 419,336 427,334 436,332 445,333 453,337 458,340 467,342 475,344 482,347 489,353 492,361 493,366 490,373 485,378 475,381 460,382 450,383 447,387 444,393 442,401 440,414 439,438 
PeacockPondUpper 438,456 434,470 437,479 439,486 444,488 448,488 453,485 457,479 460,473 461,468 462,464 462,457 457,454 450,452 445,449 441,445 440,442 432,442 430,446 427,449 423,450 419,453 417,455 417,460 420,463 424,464 427,466 431,467 434,470 
FacilitiesAndOperations 420,321 437,321 437,307 420,307 
MeadowsCenter 511,341 520,357 520,329 504,329 504,357 520,357 
MeadowsNorth 504,372 542,372 542,357 504,357 
MeadowsWest 513,329 513,311 488,311 488,329 
MeadowsEast 513,311 513,329 543,329 543,311 
MarsScience 367,236 319,221 318,227 315,231 312,233 297,233 297,236 293,236 293,246 350,246 396,244 400,229 384,229 318,204 312,209 317,215 319,221 
OldScience 304,177 268,172 268,205 298,205 298,209 312,209 318,204 318,135 301,135 301,147 287,147 287,172 268,172 
Kollett 268,230 289,230 289,205 268,205 
Gebbie 241,268 269,268 269,249 241,249 
Keefe 221,249 241,249 241,220 221,220 
22Howard 224,283 238,283 238,269 224,269 
Beard 189,187 232,187 232,168 189,168 
CounselingCenter 167,191 181,191 181,177 167,177 
HaasMain 387,91 367,123 402,123 402,98 427,98 427,63 367,63 367,85 361,85 361,100 367,100 367,123 
HaasLeft 337,106 361,106 361,81 337,81 
44Howard 142,191 156,191 156,177 142,177 
LyonsDen 116,150 133,150 133,133 116,133 
26/28Taunton 116,125 133,125 133,108 116,108 
PublicSafety 128,91 116,100 133,100 133,74 124,74 124,83 116,83 116,100 
NortonMed 122,263 138,263 138,231 122,231 
Bookstore 118,339 135,339 135,322 118,322 
BrooksCampbellHouse 180,282 197,282 197,265 180,265 
WhiteHouse 180,322 197,322 197,305 180,305 
9Taunton 74,339 91,339 91,322 74,322 
11Howard 151,363 168,363 168,351 151,351 
DavisInternationalHouse 188,377 183,388 190,388 190,382 196,382 196,371 193,371 193,364 187,364 187,371 179,371 179,382 183,382 183,388 
GlobalEd 178,434 195,434 195,417 178,417 
NurserySchool 187,530 204,530 204,513 187,513 
MarshallCenter 178,482 195,482 195,465 178,465 
TheSEM 179,454 196,454 196,441 179,441 
PresidentsHouse 312,533 354,533 354,513 312,513 
TenLibrarySquare 149,525 145,533 162,533 162,521 154,521 154,514 145,514 145,533 
GuestHouse 163,561 176,561 176,539 163,539 
ClarkCenter 195,603 180,616 180,625 215,625 215,592 162,592 162,616 180,616 
OldObservatory 381,631 398,631 398,615 381,615 
OldfieldHouse 501,519 494,525 503,526 503,532 507,532 507,515 499,515 499,512 500,512 494,512 494,525 
5/7Pine 544,456 561,456 561,440 544,440 
Bittersweet 671,195 685,202 692,187 678,181 
Elms 614,296 627,303 635,289 622,282 
Lindens 664,216 654,226 668,233 675,219 670,216 675,206 661,199 654,213 659,216 654,226 
